======================================== ClpA: SUMMARY STATISTICS ====================================================

(1)Total Variation Distance:

Total variation distances are: [1.4447399723854906, 1.3937632825701547, 18.008465011816252, 3.0376470458436007, 3.9254815303319965, 4.7154211439245932, 9.3277180290708479, 0.74565152573320503, 12.469256718615872, 0.24508041340405029, 1.3662465444186509, 19.121626645225454, 40.793228292511991, 1.8401758284519243, 1.9063733592110683, 1.8776510140445146, 18.623950767686257, 55.176876367966408, 2.8196535416721655, 11.395282936899747, 7.8333317178220092, 2.9696615380462239, 3.9980954213098236, 0.70780026139697316, 12.785666253042864, 1.0400814805969105, 16.207122451133824, 18.68708418972972, 6.4750868061938585, 23.540419444837752, 0.60064089254627007, 5.2963767648082705, 0.90764371116769027, 9.7561079418616679, 1.1966836233588207, 18.631465147766974, 22.040510908634758, 15.04568335273831, 2.111924474841441, 24.517710366534409] 

The average of total variation distance is: 10.114584668 

The standard deviation of total variation distance is: 11.56210464 

(2) Precision: 

Precision is: [1.0, 1.0, 1.0, 1.0, 1.0, 1.0, 1.0, 1.0, 0.875, 1.0, 1.0, 0.8333333333333334, 0.6666666666666666, 1.0, 1.0, 1.0, 1.0, 0.5, 1.0, 0.75, 1.0, 0.6666666666666666, 1.0, 1.0, 0.8571428571428571, 1.0, 0.8333333333333334, 0.8, 1.0, 0.6666666666666666, 1.0, 1.0, 1.0, 1.0, 1.0, 0.8333333333333334, 0.8, 1.0, 1.0, 0.6666666666666666] 

Average of precision is:  0.918720238095 

Standard deviation of precision is:  0.131534686797 

(3) Recall : 

Recall is: [1.0, 1.0, 1.0, 1.0, 1.0, 1.0, 1.0, 1.0, 1.0, 1.0, 1.0, 0.8333333333333334, 0.6666666666666666, 1.0, 1.0, 0.8571428571428571, 1.0, 0.5, 1.0, 0.75, 0.8333333333333334, 0.6666666666666666, 1.0, 1.0, 0.8571428571428571, 1.0, 0.8333333333333334, 1.0, 1.0, 0.8, 1.0, 1.0, 1.0, 1.0, 1.0, 1.0, 0.8, 1.0, 1.0, 1.0] 

Average of recall is:  0.93494047619 

Standard deviation of recall is:  0.119327513231 

(4) Objective Value: 

Predicted objective values are: [68.0, 43.0, 22.0, 32.0, 69.0, 38.0, 42.0, 54.0, 56.0, 35.0, 47.0, 42.0, 33.0, 60.0, 57.0, 88.0, 40.0, 47.0, 42.0, 48.0, 32.0, 42.0, 68.0, 35.0, 51.0, 39.0, 31.0, 56.0, 62.0, 50.0, 25.0, 28.0, 39.0, 44.0, 31.0, 41.0, 41.0, 52.0, 36.0, 32.0] 

True objective values are: [65.0, 41.0, 17.0, 26.0, 64.0, 34.0, 38.0, 52.0, 50.0, 34.0, 41.0, 38.0, 29.0, 57.0, 54.0, 82.0, 37.0, 44.0, 41.0, 45.0, 30.0, 40.0, 63.0, 34.0, 45.0, 38.0, 26.0, 54.0, 58.0, 46.0, 23.0, 26.0, 37.0, 42.0, 30.0, 37.0, 37.0, 49.0, 33.0, 31.0] 

The difference in objective values are: [3.0, 2.0, 5.0, 6.0, 5.0, 4.0, 4.0, 2.0, 6.0, 1.0, 6.0, 4.0, 4.0, 3.0, 3.0, 6.0, 3.0, 3.0, 1.0, 3.0, 2.0, 2.0, 5.0, 1.0, 6.0, 1.0, 5.0, 2.0, 4.0, 4.0, 2.0, 2.0, 2.0, 2.0, 1.0, 4.0, 4.0, 3.0, 3.0, 1.0] 

Average of difference in objective value is:  3.25 

Standard deviation of difference in objective value is:  1.57718102956 

(5)Accuracy: 

Total number of simulations:  40 

Percentage of simulations predicted correctly:  62.5 

======================================== ClpX: SUMMARY STATISTICS ====================================================

(1)Total Variation Distance:

Total variation distances are: [11.948393712471464, 19.174549502753923, 1.3491260839688941, 21.136062695898879, 8.6880145122129644, 22.391366690165299, 8.6511098729542386, 6.6075587396531521, 21.518372689667324, 0.24508041340405029, 34.49878494775411, 11.825238936216717, 3.5798515961766211, 18.466411596591175, 3.3399933317697084, 7.1613075638959209, 27.135185686004533, 6.8269744902984275, 6.3648497080459006, 6.2295201644012419, 32.368347531581541, 25.187970801242827, 22.989853503132942, 0.70780026139697272, 5.2694375939054741, 0.76307317034760302, 10.778206446657423, 29.526276394402117, 4.3049729774332652, 0.78306326391213688, 0.42283055398356773, 13.770052320918047, 1.4049376523554642, 15.048590765042933, 1.1966836233588101, 4.4873296923761599, 12.021081481305094, 8.0496817591527066, 1.4151987306205287, 1.6759039650005683] 

The average of total variation distance is: 10.9827261356 

The standard deviation of total variation distance is: 9.74896323858 

(2) Precision: 

Precision is: [1.0, 0.6, 1.0, 0.8571428571428571, 0.875, 0.6666666666666666, 0.8333333333333334, 0.75, 0.875, 1.0, 0.75, 0.7142857142857143, 1.0, 0.75, 1.0, 0.8571428571428571, 0.8333333333333334, 0.75, 1.0, 0.75, 0.8, 0.6666666666666666, 0.8333333333333334, 1.0, 1.0, 1.0, 1.0, 0.8, 1.0, 1.0, 1.0, 0.6666666666666666, 1.0, 1.0, 1.0, 1.0, 0.8333333333333334, 1.0, 1.0, 1.0] 

Average of precision is:  0.886547619048 

Standard deviation of precision is:  0.126073957886 

(3) Recall : 

Recall is: [1.0, 1.0, 1.0, 0.8571428571428571, 1.0, 0.8, 0.8333333333333334, 1.0, 1.0, 1.0, 0.8571428571428571, 0.8333333333333334, 1.0, 0.75, 1.0, 0.8571428571428571, 0.8333333333333334, 0.75, 1.0, 0.75, 0.6666666666666666, 0.6666666666666666, 0.8333333333333334, 1.0, 1.0, 1.0, 1.0, 1.0, 1.0, 1.0, 1.0, 1.0, 1.0, 1.0, 1.0, 1.0, 1.0, 1.0, 1.0, 1.0] 

Average of recall is:  0.932202380952 

Standard deviation of recall is:  0.104665793981 

(4) Objective Value: 

Predicted objective values are: [27.0, 41.0, 46.0, 55.0, 37.0, 25.0, 40.0, 33.0, 47.0, 39.0, 45.0, 62.0, 66.0, 40.0, 17.0, 63.0, 47.0, 41.0, 35.0, 39.0, 49.0, 43.0, 25.0, 46.0, 64.0, 44.0, 56.0, 47.0, 31.0, 21.0, 50.0, 52.0, 36.0, 49.0, 57.0, 41.0, 39.0, 41.0, 58.0, 46.0] 

True objective values are: [26.0, 36.0, 41.0, 49.0, 31.0, 20.0, 36.0, 30.0, 42.0, 38.0, 40.0, 56.0, 61.0, 38.0, 14.0, 60.0, 43.0, 38.0, 33.0, 36.0, 46.0, 42.0, 20.0, 45.0, 58.0, 43.0, 55.0, 45.0, 27.0, 17.0, 48.0, 48.0, 34.0, 48.0, 56.0, 37.0, 34.0, 37.0, 55.0, 45.0] 

The difference in objective values are: [1.0, 5.0, 5.0, 6.0, 6.0, 5.0, 4.0, 3.0, 5.0, 1.0, 5.0, 6.0, 5.0, 2.0, 3.0, 3.0, 4.0, 3.0, 2.0, 3.0, 3.0, 1.0, 5.0, 1.0, 6.0, 1.0, 1.0, 2.0, 4.0, 4.0, 2.0, 4.0, 2.0, 1.0, 1.0, 4.0, 5.0, 4.0, 3.0, 1.0] 

Average of difference in objective value is:  3.3 

Standard deviation of difference in objective value is:  1.67630546142 

(5)Accuracy: 

Total number of simulations:  40 

Percentage of simulations predicted correctly:  50.0 

======================================== NifS: SUMMARY STATISTICS ====================================================

(1)Total Variation Distance:

Total variation distances are: [16.261827950910458, 1.3937632825701547, 14.176169076268396, 19.149110242942079, 33.412433669463368, 3.6120594860164306, 24.463715239987806, 46.79469784725908, 1.4358461250339567, 0.092880210689418874, 30.239418762989864, 6.0527887618696798, 30.089683973314138, 28.943762201523711, 18.054968138340296, 33.626592478164667, 41.158611299315098, 11.651936430818415, 1.0018245279790463, 18.293639811028697, 21.19800713320544, 34.954524315203173, 61.306619976925745, 0.70780026139697272, 6.8468663228602171, 0.76307317034760302, 2.4587358299224302, 3.0735371031712617, 1.3624128667436626, 18.030662720734771, 7.8889969392431141, 5.0740402526621633, 1.2091888432368858, 23.535205759730772, 1.4736919336081229, 1.5364307430557567, 0.76943507828957536, 9.3373607792826387, 6.9198147792030866, 67.465376566433989] 

The average of total variation distance is: 16.3954377723 

The standard deviation of total variation distance is: 16.9358671384 

(2) Precision: 

Precision is: [1.0, 1.0, 1.0, 1.0, 0.6666666666666666, 1.0, 0.8333333333333334, 0.6666666666666666, 1.0, 1.0, 0.7142857142857143, 1.0, 0.8333333333333334, 0.75, 0.75, 0.7142857142857143, 0.6666666666666666, 0.75, 1.0, 0.75, 1.0, 0.75, 0.6666666666666666, 1.0, 0.8571428571428571, 1.0, 1.0, 1.0, 1.0, 0.8, 1.0, 1.0, 1.0, 0.6, 1.0, 1.0, 1.0, 1.0, 1.0, 0.3333333333333333] 

Average of precision is:  0.87755952381 

Standard deviation of precision is:  0.161318869436 

(3) Recall : 

Recall is: [1.0, 1.0, 1.0, 0.8571428571428571, 0.8571428571428571, 1.0, 0.8333333333333334, 0.6666666666666666, 1.0, 1.0, 0.7142857142857143, 1.0, 0.8333333333333334, 0.75, 0.75, 0.7142857142857143, 0.6666666666666666, 0.75, 1.0, 0.75, 1.0, 1.0, 0.6666666666666666, 1.0, 0.8571428571428571, 1.0, 1.0, 1.0, 1.0, 0.8, 1.0, 1.0, 1.0, 0.75, 1.0, 1.0, 1.0, 1.0, 1.0, 0.5] 

Average of recall is:  0.892916666667 

Standard deviation of recall is:  0.137586797486 

(4) Objective Value: 

Predicted objective values are: [51.0, 26.0, 27.0, 30.0, 58.0, 35.0, 30.0, 52.0, 18.0, 23.0, 59.0, 44.0, 41.0, 32.0, 28.0, 34.0, 55.0, 29.0, 17.0, 37.0, 18.0, 46.0, 51.0, 45.0, 44.0, 56.0, 58.0, 48.0, 48.0, 43.0, 34.0, 45.0, 45.0, 49.0, 30.0, 29.0, 38.0, 35.0, 35.0, 54.0] 

True objective values are: [48.0, 24.0, 22.0, 28.0, 54.0, 31.0, 28.0, 50.0, 12.0, 22.0, 53.0, 40.0, 36.0, 31.0, 25.0, 28.0, 53.0, 26.0, 15.0, 34.0, 17.0, 45.0, 46.0, 44.0, 38.0, 55.0, 53.0, 45.0, 44.0, 39.0, 32.0, 42.0, 43.0, 49.0, 29.0, 25.0, 34.0, 31.0, 32.0, 53.0] 

The difference in objective values are: [3.0, 2.0, 5.0, 2.0, 4.0, 4.0, 2.0, 2.0, 6.0, 1.0, 6.0, 4.0, 5.0, 1.0, 3.0, 6.0, 2.0, 3.0, 2.0, 3.0, 1.0, 1.0, 5.0, 1.0, 6.0, 1.0, 5.0, 3.0, 4.0, 4.0, 2.0, 3.0, 2.0, 0.0, 1.0, 4.0, 4.0, 4.0, 3.0, 1.0] 

Average of difference in objective value is:  3.025 

Standard deviation of difference in objective value is:  1.65056808402 

(5)Accuracy: 

Total number of simulations:  40 

Percentage of simulations predicted correctly:  55.0 

======================================== PepX: SUMMARY STATISTICS ====================================================

(1)Total Variation Distance:

Total variation distances are: [1.7072071639865412, 14.712109741294524, 2.4917957726848856, 0.90822188693910877, 20.972498377961255, 19.583461398318832, 1.5971489394050167, 2.774035305851541, 10.207186628583047, 0.3089362070945576, 46.393440710429942, 26.770428891100241, 23.737900170211311, 20.259510166413119, 1.8182628310331843, 3.3349230699331875, 40.800331903520345, 19.00129486395258, 1.0018245279790445, 2.1830205514757468, 4.7196895482952446, 1.6142787600133572, 16.761864486275776, 0.7263189228064002, 11.133233452514382, 1.7843800761915531, 22.159208412012035, 1.3859140149803411, 2.510825995232457, 23.838661059879662, 1.1456000206116634, 4.4132737540968421, 41.971826869060962, 15.427533417557513, 0.64266700286019507, 16.917950131562918, 4.0496492839972085, 2.8167953149366598, 1.5464313127790899, 1.2603904168494999] 

The average of total variation distance is: 10.934750784 

The standard deviation of total variation distance is: 12.3559716642 

(2) Precision: 

Precision is: [1.0, 1.0, 1.0, 1.0, 0.8571428571428571, 1.0, 1.0, 1.0, 1.0, 1.0, 0.6666666666666666, 0.6666666666666666, 0.8333333333333334, 0.6, 1.0, 0.8571428571428571, 0.8333333333333334, 0.75, 1.0, 1.0, 1.0, 1.0, 0.7142857142857143, 1.0, 0.8571428571428571, 1.0, 1.0, 1.0, 1.0, 0.8, 1.0, 1.0, 0.6666666666666666, 0.8, 1.0, 0.8, 1.0, 1.0, 1.0, 1.0] 

Average of precision is:  0.91755952381 

Standard deviation of precision is:  0.12271804545 

(3) Recall : 

Recall is: [1.0, 1.0, 0.8333333333333334, 1.0, 0.8571428571428571, 1.0, 1.0, 1.0, 0.8571428571428571, 1.0, 0.5714285714285714, 0.6666666666666666, 0.8333333333333334, 0.75, 1.0, 0.8571428571428571, 0.8333333333333334, 0.75, 1.0, 1.0, 1.0, 1.0, 0.8333333333333334, 1.0, 0.8571428571428571, 1.0, 0.8333333333333334, 1.0, 1.0, 0.8, 1.0, 1.0, 0.6666666666666666, 1.0, 1.0, 0.8, 1.0, 1.0, 1.0, 1.0] 

Average of recall is:  0.915 

Standard deviation of recall is:  0.116449262939 

(4) Objective Value: 

Predicted objective values are: [36.0, 44.0, 57.0, 58.0, 26.0, 30.0, 46.0, 29.0, 24.0, 31.0, 54.0, 20.0, 29.0, 67.0, 67.0, 38.0, 28.0, 19.0, 25.0, 45.0, 48.0, 43.0, 51.0, 35.0, 52.0, 37.0, 44.0, 39.0, 49.0, 68.0, 21.0, 39.0, 34.0, 53.0, 45.0, 34.0, 46.0, 40.0, 32.0, 45.0] 

True objective values are: [33.0, 42.0, 53.0, 52.0, 21.0, 27.0, 41.0, 27.0, 21.0, 30.0, 51.0, 15.0, 24.0, 64.0, 64.0, 33.0, 23.0, 16.0, 23.0, 42.0, 43.0, 41.0, 47.0, 34.0, 46.0, 36.0, 42.0, 36.0, 46.0, 65.0, 19.0, 36.0, 32.0, 50.0, 44.0, 30.0, 44.0, 37.0, 29.0, 44.0] 

The difference in objective values are: [3.0, 2.0, 4.0, 6.0, 5.0, 3.0, 5.0, 2.0, 3.0, 1.0, 3.0, 5.0, 5.0, 3.0, 3.0, 5.0, 5.0, 3.0, 2.0, 3.0, 5.0, 2.0, 4.0, 1.0, 6.0, 1.0, 2.0, 3.0, 3.0, 3.0, 2.0, 3.0, 2.0, 3.0, 1.0, 4.0, 2.0, 3.0, 3.0, 1.0] 

Average of difference in objective value is:  3.125 

Standard deviation of difference in objective value is:  1.38180136054 

(5)Accuracy: 

Total number of simulations:  40 

Percentage of simulations predicted correctly:  57.5 

======================================== PyrG: SUMMARY STATISTICS ====================================================

(1)Total Variation Distance:

Total variation distances are: [9.6048126720771094, 1.1197906798304276, 37.304591331170251, 20.663577570828423, 21.999423646117485, 16.221304593286888, 15.848043873256289, 0.86841917374413669, 16.519975762094575, 0.12027230586938487, 52.166141377684482, 11.781405450057239, 6.8749397072747058, 5.6196337130009741, 18.687616689816448, 4.8339238857566134, 7.1985268653434282, 10.807100719833111, 1.3970717400226764, 23.026389831819571, 1.2943115057004593, 4.5770317629076356, 37.089100080633294, 11.502363047820136, 3.7749437054363089, 1.1517040551559887, 1.725726551112972, 7.4082029030336933, 33.098254701664793, 39.845761012795776, 1.1456000206116563, 4.1923255960506332, 2.1642220835452406, 3.8744591003240059, 30.470914127423821, 29.770745979647774, 48.278609264521336, 2.6569222519596254, 1.428174811939158, 11.17590282086622] 

The average of total variation distance is: 13.9822059243 

The standard deviation of total variation distance is: 14.1258938302 

(2) Precision: 

Precision is: [0.75, 1.0, 0.8333333333333334, 0.8571428571428571, 0.8571428571428571, 1.0, 0.8333333333333334, 1.0, 1.0, 1.0, 0.7142857142857143, 0.8333333333333334, 0.8333333333333334, 0.75, 0.75, 1.0, 1.0, 1.0, 1.0, 0.8, 0.8333333333333334, 1.0, 0.8333333333333334, 1.0, 0.8571428571428571, 1.0, 1.0, 1.0, 0.8, 0.6, 1.0, 1.0, 1.0, 0.75, 0.5, 0.6666666666666666, 0.6, 1.0, 1.0, 1.0] 

Average of precision is:  0.88130952381 

Standard deviation of precision is:  0.137580681338 

(3) Recall : 

Recall is: [0.75, 1.0, 0.8333333333333334, 0.8571428571428571, 0.8571428571428571, 1.0, 0.8333333333333334, 1.0, 1.0, 1.0, 0.7142857142857143, 0.8333333333333334, 0.8333333333333334, 0.75, 0.75, 1.0, 1.0, 1.0, 1.0, 1.0, 0.8333333333333334, 1.0, 0.8333333333333334, 1.0, 0.8571428571428571, 1.0, 1.0, 1.0, 0.6666666666666666, 0.6, 1.0, 1.0, 1.0, 0.75, 0.5, 0.8, 0.6, 1.0, 1.0, 1.0] 

Average of recall is:  0.88630952381 

Standard deviation of recall is:  0.138167827802 

(4) Objective Value: 

Predicted objective values are: [38.0, 69.0, 40.0, 36.0, 27.0, 35.0, 47.0, 24.0, 24.0, 42.0, 74.0, 48.0, 42.0, 32.0, 57.0, 70.0, 63.0, 37.0, 54.0, 35.0, 31.0, 34.0, 54.0, 50.0, 24.0, 31.0, 37.0, 45.0, 51.0, 47.0, 50.0, 37.0, 29.0, 43.0, 24.0, 38.0, 38.0, 60.0, 45.0, 33.0] 

True objective values are: [35.0, 67.0, 35.0, 32.0, 22.0, 32.0, 42.0, 22.0, 18.0, 41.0, 69.0, 44.0, 38.0, 29.0, 54.0, 64.0, 58.0, 35.0, 52.0, 32.0, 26.0, 32.0, 51.0, 49.0, 18.0, 30.0, 32.0, 43.0, 49.0, 44.0, 48.0, 34.0, 28.0, 40.0, 23.0, 34.0, 36.0, 57.0, 42.0, 33.0] 

The difference in objective values are: [3.0, 2.0, 5.0, 4.0, 5.0, 3.0, 5.0, 2.0, 6.0, 1.0, 5.0, 4.0, 4.0, 3.0, 3.0, 6.0, 5.0, 2.0, 2.0, 3.0, 5.0, 2.0, 3.0, 1.0, 6.0, 1.0, 5.0, 2.0, 2.0, 3.0, 2.0, 3.0, 1.0, 3.0, 1.0, 4.0, 2.0, 3.0, 3.0, 0.0] 

Average of difference in objective value is:  3.125 

Standard deviation of difference in objective value is:  1.55221615763 

(5)Accuracy: 

Total number of simulations:  40 

Percentage of simulations predicted correctly:  50.0 

======================================== RecG: SUMMARY STATISTICS ====================================================

(1)Total Variation Distance:

Total variation distances are: [1.7072071639865358, 87.695133145583867, 38.509133557619052, 7.8752443670316552, 24.991764017852027, 100.00000000000001, 27.055960477529691, 0.20069239766780456, 17.358428300104801, 49.030470914127427, 10.717074884435689, 21.120258066366102, 21.480678389501609, 26.963178683767499, 57.485051310344659, 20.436465854023623, 51.040353036061539, 5.6874683968372235, 23.960566759328955, 24.727808653724225, 56.371744455690802, 2.9421168406646845, 30.516929884766579, 42.450318027925604, 24.553733462144297, 0.98218478248453778, 30.491912351718739, 11.240665075440203, 16.082404585403484, 22.338932434531067, 0.60064089254626651, 11.887606064817263, 17.137005629902902, 6.4881696629888328, 1.1966836233588207, 2.0494050520704645, 22.507446519445235, 37.280226194757411, 4.9862523612146781, 6.4743329052874898] 

The average of total variation distance is: 24.1655412296 

The standard deviation of total variation distance is: 22.3716065424 

(2) Precision: 

Precision is: [1.0, 0.25, 0.6666666666666666, 0.75, 1.0, 0.0, 0.6666666666666666, 1.0, 0.75, 0.5, 1.0, 0.5714285714285714, 0.8333333333333334, 0.6, 0.75, 0.75, 0.5714285714285714, 0.5, 0.6666666666666666, 1.0, 0.6666666666666666, 0.6666666666666666, 0.8333333333333334, 1.0, 0.75, 1.0, 0.8333333333333334, 0.8, 0.8333333333333334, 0.8, 1.0, 0.8, 0.75, 1.0, 1.0, 1.0, 0.8, 0.6, 1.0, 1.0] 

Average of precision is:  0.773988095238 

Standard deviation of precision is:  0.218418083139 

(3) Recall : 

Recall is: [1.0, 0.3333333333333333, 0.6666666666666666, 0.8571428571428571, 0.8571428571428571, 0.0, 0.6666666666666666, 1.0, 0.8571428571428571, 0.5, 1.0, 0.6666666666666666, 0.8333333333333334, 0.75, 0.75, 0.8571428571428571, 0.6666666666666666, 0.5, 0.6666666666666666, 1.0, 0.6666666666666666, 0.6666666666666666, 0.8333333333333334, 1.0, 0.8571428571428571, 1.0, 0.8333333333333334, 1.0, 0.8333333333333334, 0.8, 1.0, 1.0, 1.0, 1.0, 1.0, 1.0, 0.8, 0.6, 1.0, 1.0] 

Average of recall is:  0.807976190476 

Standard deviation of recall is:  0.21362633339 

(4) Objective Value: 

Predicted objective values are: [39.0, 33.0, 40.0, 29.0, 38.0, 48.0, 38.0, 46.0, 47.0, 43.0, 74.0, 56.0, 50.0, 42.0, 50.0, 28.0, 53.0, 49.0, 45.0, 40.0, 53.0, 30.0, 46.0, 40.0, 30.0, 36.0, 41.0, 54.0, 56.0, 51.0, 49.0, 59.0, 30.0, 68.0, 53.0, 38.0, 50.0, 38.0, 29.0, 31.0] 

True objective values are: [36.0, 32.0, 35.0, 23.0, 35.0, 46.0, 35.0, 44.0, 41.0, 42.0, 69.0, 51.0, 45.0, 41.0, 47.0, 23.0, 51.0, 46.0, 43.0, 39.0, 49.0, 28.0, 42.0, 40.0, 24.0, 35.0, 38.0, 52.0, 51.0, 49.0, 47.0, 57.0, 28.0, 65.0, 52.0, 34.0, 46.0, 34.0, 26.0, 31.0] 

The difference in objective values are: [3.0, 1.0, 5.0, 6.0, 3.0, 2.0, 3.0, 2.0, 6.0, 1.0, 5.0, 5.0, 5.0, 1.0, 3.0, 5.0, 2.0, 3.0, 2.0, 1.0, 4.0, 2.0, 4.0, 0.0, 6.0, 1.0, 3.0, 2.0, 5.0, 2.0, 2.0, 2.0, 2.0, 3.0, 1.0, 4.0, 4.0, 4.0, 3.0, 0.0] 

Average of difference in objective value is:  2.95 

Standard deviation of difference in objective value is:  1.64240677057 

(5)Accuracy: 

Total number of simulations:  40 

Percentage of simulations predicted correctly:  30.0 

======================================== RplB: SUMMARY STATISTICS ====================================================

(1)Total Variation Distance:

Total variation distances are: [50.55252356608834, 21.477448214305902, 27.850010673541004, 24.87848167612502, 20.736838178530771, 7.2535361392277826, 9.175830481680876, 7.5720656196588729, 12.584142515510235, 1.4166392769265741, 15.941372248666177, 4.1663475877601925, 12.837677356917894, 2.0367272445155358, 3.1706725287285629, 28.664681970450111, 76.649326022838892, 2.1148413235075196, 5.4198370825369171, 14.658542511268083, 33.976012397615079, 4.5348950608522536, 17.560707001427915, 46.185282030198522, 15.02209224692961, 2.6553160591674825, 5.8649610213329106, 22.195077519755781, 25.414018149911719, 2.2286446662814825, 1.431388403069068, 3.2402597961476012, 5.0271344329419083, 3.8195964887885863, 13.195665971688216, 2.2632440361293238, 6.9029931992848654, 22.066370087115196, 3.7211636745009997, 2.1571048069651511] 

The average of total variation distance is: 14.7154867317 

The standard deviation of total variation distance is: 15.6059315193 

(2) Precision: 

Precision is: [0.4, 0.75, 1.0, 0.8571428571428571, 0.7142857142857143, 1.0, 1.0, 0.75, 1.0, 1.0, 1.0, 1.0, 1.0, 1.0, 1.0, 0.6666666666666666, 0.6666666666666666, 0.75, 1.0, 1.0, 0.8333333333333334, 1.0, 1.0, 0.6666666666666666, 1.0, 1.0, 1.0, 0.75, 0.7142857142857143, 1.0, 1.0, 1.0, 1.0, 0.75, 1.0, 1.0, 1.0, 0.75, 1.0, 1.0] 

Average of precision is:  0.900476190476 

Standard deviation of precision is:  0.148625791336 

(3) Recall : 

Recall is: [1.0, 1.0, 1.0, 0.8571428571428571, 0.7142857142857143, 1.0, 1.0, 1.0, 1.0, 1.0, 1.0, 1.0, 1.0, 1.0, 1.0, 0.8571428571428571, 0.6666666666666666, 0.75, 1.0, 1.0, 0.8333333333333334, 1.0, 1.0, 1.0, 1.0, 1.0, 1.0, 0.75, 0.8333333333333334, 1.0, 1.0, 1.0, 1.0, 0.75, 1.0, 1.0, 1.0, 0.6, 1.0, 1.0] 

Average of recall is:  0.940297619048 

Standard deviation of recall is:  0.111135128853 

(4) Objective Value: 

Predicted objective values are: [64.0, 40.0, 31.0, 55.0, 45.0, 40.0, 29.0, 75.0, 49.0, 48.0, 70.0, 53.0, 55.0, 38.0, 47.0, 59.0, 39.0, 27.0, 34.0, 47.0, 49.0, 35.0, 38.0, 47.0, 52.0, 49.0, 56.0, 41.0, 51.0, 36.0, 32.0, 37.0, 39.0, 51.0, 25.0, 53.0, 18.0, 28.0, 35.0, 42.0] 

True objective values are: [52.0, 38.0, 26.0, 50.0, 39.0, 36.0, 25.0, 75.0, 45.0, 47.0, 65.0, 48.0, 51.0, 35.0, 44.0, 55.0, 35.0, 24.0, 32.0, 45.0, 44.0, 33.0, 34.0, 46.0, 46.0, 48.0, 51.0, 39.0, 47.0, 32.0, 30.0, 34.0, 38.0, 48.0, 24.0, 49.0, 14.0, 27.0, 33.0, 41.0] 

The difference in objective values are: [12.0, 2.0, 5.0, 5.0, 6.0, 4.0, 4.0, 0.0, 4.0, 1.0, 5.0, 5.0, 4.0, 3.0, 3.0, 4.0, 4.0, 3.0, 2.0, 2.0, 5.0, 2.0, 4.0, 1.0, 6.0, 1.0, 5.0, 2.0, 4.0, 4.0, 2.0, 3.0, 1.0, 3.0, 1.0, 4.0, 4.0, 1.0, 2.0, 1.0] 

Average of difference in objective value is:  3.35 

Standard deviation of difference in objective value is:  2.08026440627 

(5)Accuracy: 

Total number of simulations:  40 

Percentage of simulations predicted correctly:  65.0 

======================================== UvrA: SUMMARY STATISTICS ====================================================

(1)Total Variation Distance:

Total variation distances are: [1.95718097657398, 14.742920319944821, 14.393288340728864, 33.436041377884315, 11.32234283035908, 61.447841072712521, 8.0917235745991913, 13.14275998511917, 9.1706321688278596, 51.214609499276634, 4.0354467726590926, 15.396508812461274, 4.4572544848508056, 1.6346338739842994, 1.6382768444657563, 8.9953581283364823, 27.479334732634346, 18.482871174754283, 1.0666542425265444, 3.0853429837543285, 7.6407630016802246, 37.451139923995029, 20.222857452790798, 0.70780026139697272, 12.794843657467974, 1.1648895881315795, 4.4531251606337987, 13.137016592554946, 8.339283440859063, 3.0147207414924484, 1.5171357229667617, 3.1171887052594318, 0.82741270012363444, 9.9008618829322188, 1.1966836233588136, 2.889052393540064, 16.777470347917571, 2.8360140061274564, 1.6646878136190271, 1.2603904168495106] 

The average of total variation distance is: 11.4026089908 

The standard deviation of total variation distance is: 13.5854885584 

(2) Precision: 

Precision is: [1.0, 1.0, 0.8333333333333334, 0.7142857142857143, 1.0, 0.8, 1.0, 0.75, 1.0, 0.3333333333333333, 1.0, 1.0, 1.0, 1.0, 1.0, 0.8571428571428571, 0.8, 0.75, 1.0, 1.0, 1.0, 0.75, 0.8333333333333334, 1.0, 0.8571428571428571, 1.0, 1.0, 1.0, 1.0, 1.0, 1.0, 1.0, 1.0, 0.6, 1.0, 1.0, 0.8, 1.0, 1.0, 1.0] 

Average of precision is:  0.916964285714 

Standard deviation of precision is:  0.142666725773 

(3) Recall : 

Recall is: [1.0, 1.0, 0.8333333333333334, 0.7142857142857143, 1.0, 0.8, 0.8333333333333334, 1.0, 1.0, 0.5, 1.0, 1.0, 1.0, 1.0, 1.0, 0.8571428571428571, 0.6666666666666666, 0.75, 1.0, 1.0, 1.0, 1.0, 0.8333333333333334, 1.0, 0.8571428571428571, 1.0, 1.0, 1.0, 1.0, 1.0, 1.0, 1.0, 1.0, 0.75, 1.0, 1.0, 0.8, 1.0, 1.0, 1.0] 

Average of recall is:  0.929880952381 

Standard deviation of recall is:  0.119919367751 

(4) Objective Value: 

Predicted objective values are: [39.0, 40.0, 45.0, 50.0, 49.0, 45.0, 49.0, 36.0, 43.0, 23.0, 55.0, 36.0, 50.0, 40.0, 29.0, 72.0, 44.0, 38.0, 53.0, 39.0, 53.0, 36.0, 28.0, 39.0, 35.0, 34.0, 43.0, 52.0, 73.0, 35.0, 42.0, 37.0, 36.0, 41.0, 37.0, 56.0, 40.0, 40.0, 58.0, 37.0] 

True objective values are: [36.0, 38.0, 42.0, 44.0, 43.0, 41.0, 49.0, 34.0, 37.0, 22.0, 49.0, 33.0, 45.0, 37.0, 26.0, 67.0, 42.0, 35.0, 51.0, 36.0, 49.0, 34.0, 25.0, 38.0, 29.0, 33.0, 39.0, 49.0, 70.0, 32.0, 40.0, 34.0, 34.0, 38.0, 36.0, 52.0, 36.0, 36.0, 55.0, 36.0] 

The difference in objective values are: [3.0, 2.0, 3.0, 6.0, 6.0, 4.0, 0.0, 2.0, 6.0, 1.0, 6.0, 3.0, 5.0, 3.0, 3.0, 5.0, 2.0, 3.0, 2.0, 3.0, 4.0, 2.0, 3.0, 1.0, 6.0, 1.0, 4.0, 3.0, 3.0, 3.0, 2.0, 3.0, 2.0, 3.0, 1.0, 4.0, 4.0, 4.0, 3.0, 1.0] 

Average of difference in objective value is:  3.125 

Standard deviation of difference in objective value is:  1.53602571593 

(5)Accuracy: 

Total number of simulations:  40 

Percentage of simulations predicted correctly:  65.0 

